-4.36651285200909 1.2624586286383282e-05
-2.6381087800560556 0.008336983396464456
-0.606480743908143 0.5441955654098645
-2.468353126686909 0.013573634200146487
-3.6237545806671325 0.00029035713158714394
-2.2206308645386823 0.02637597354349246
-0.3098972187035927 0.7566391179163561
-2.910046404989727 0.00361375096136594
-2.040823969410141 0.041268327178482965
-1.0516997383180264 0.2929373311092166
-0.2793742608152201 0.7799576218928275
-1.3844944031105941 0.16620712068103238
-0.6524884297652094 0.5140861344602401
-2.296329379934369 0.02165705546006057
-5.052375432260181 4.363489345700814e-07
-4.217617563928874 2.4689710113005436e-05
-2.0535549513939246 0.0400187860307529
-2.89024946627162 0.00384936221844143
-4.302391002207505 1.6896479693731513e-05
-2.731952665179463 0.006296018580158495
-1.410053621806351 0.15852385021877935
