-4.366509321007877 1.2624790280495476e-05
-2.638531766664378 0.008326589879124343
-0.606371425873826 0.5442681384662456
-2.468636981895236 0.013562873086735422
-3.6239247145132514 0.00029016609929116943
-2.2209650514668757 0.026353328581871602
-0.30927390537752447 0.7571131790778483
-2.909862957758238 0.0036158726612369047
-2.0397880290339065 0.04137144264276581
-1.0530871076754376 0.2923010710474172
-0.2793639749218968 0.7799655147521822
-1.384004293248102 0.1663571401535865
-0.6519472179463291 0.5144352229107012
-2.2967055467580115 0.021635572820047588
-5.052484142524284 4.361005738875195e-07
-4.217641447017372 2.4687095972883272e-05
-2.0534640310994705 0.040027594743096195
-2.890607922093358 0.0038449748698012056
-4.302876198200337 1.685950665117464e-05
-2.7321274335607284 0.0062926796554835145
-1.4106418423774039 0.15835024735521042
